776 513
429 533
751 493
718 492
395 452
189 534
340 533
761 508
342 506
729 463
688 455
676 422
708 411
192 517
298 499
407 492
379 480
722 449
333 446
378 387
272 332
187 534
768 522
812 520
299 507
378 458
690 442
276 330
389 525
742 523
730 491
729 458
390 525
736 518
729 475
731 517
726 474
730 515
726 478
736 535
729 531
728 520
731 520
725 474
397 535
737 525
832 527
400 508
386 458
182 446
367 339
410 517
747 448
762 534
426 487
756 480
753 533
749 485
0 493
12 441
0 480
0 449
0 532
6 512
0 483
38 457
398 528
20 478
386 534
16 533
750 529
0 422
0 529
797 510
0 496
0 532
572 531
721 520
586 516
395 516
881 510
114 409
929 533
948 530
322 526
530 522
881 517
754 517
0 498
878 482
608 478
306 477
42 466
530 451
0 403
0 384
17 362
0 313
287 533
930 529
81 523
764 522
882 517
96 500
581 494
50 469
117 468
313 465
882 462
578 457
49 447
884 441
0 392
877 535
0 532
784 525
31 523
302 519
891 514
776 497
336 490
12 480
34 450
882 416
0 415
101 516
77 472
862 419
564 338
586 332
118 316
535 314
721 252
0 304
0 276
13 533
52 511
806 485
0 472
48 469
106 534
612 526
801 524
353 520
86 494
0 269
184 513
766 508
148 503
272 501
114 483
130 459
630 457
843 441
0 270
563 515
523 510
839 488
784 479
363 476
850 462
861 435
320 419
219 416
331 368
257 361
330 322
248 295
278 285
196 241
0 195
740 526
252 501
193 486
758 485
502 484
882 445
400 432
423 401
416 389
392 337
336 329
289 321
369 320
410 288
0 197
36 164
490 502
598 497
742 491
559 487
882 443
276 438
579 431
514 427
609 410
331 383
466 352
406 336
442 329
452 299
105 227
76 227
10 218
130 198
91 162
469 533
480 506
536 486
450 482
496 480
866 433
481 433
373 428
428 426
276 424
370 407
408 365
290 329
64 319
422 317
292 308
292 283
404 281
306 257
0 252
24 244
80 238
46 232
316 185
134 179
116 169
328 158
484 524
386 497
547 488
365 465
901 461
877 450
310 418
254 406
348 381
319 369
329 350
192 348
97 348
244 335
280 318
331 315
361 312
189 260
352 243
140 243
190 206
377 203
230 199
518 530
438 495
144 524
312 511
775 496
752 489
890 487
148 464
745 458
864 457
160 435
744 246
208 534
840 524
181 523
865 516
814 492
795 454
703 509
244 504
827 498
701 482
534 460
786 440
677 241
701 511
811 487
698 479
577 473
775 441
688 259
437 252
674 234
176 522
763 502
826 500
693 489
292 433
624 357
644 222
167 534
543 528
831 518
701 513
542 500
793 475
536 459
804 419
479 516
821 514
536 510
701 503
213 476
793 467
518 440
805 411
676 229
189 520
834 515
526 505
713 504
805 467
212 461
716 234
846 528
740 522
222 496
829 492
868 521
244 506
278 447
760 270
802 528
508 516
240 530
836 528
724 526
551 525
818 514
574 502
544 496
532 481
708 256
604 535
237 534
687 532
784 529
549 517
773 512
178 498
213 465
210 439
430 244
194 489
734 473
564 523
215 500
719 490
808 533
761 532
586 497
402 451
373 450
436 444
361 387
384 386
0 511
276 461
314 455
198 246
247 524
172 512
173 489
86 461
247 397
359 338
881 313
184 515
111 512
949 465
276 420
246 407
314 371
0 388
170 362
560 273
74 530
42 529
0 381
133 531
24 502
91 517
0 477
58 306
946 242
419 207
437 182
922 176
930 114
922 91
787 87
955 66
0 342
327 247
424 150
884 58
930 534
954 529
940 519
62 484
332 290
339 268
15 251
301 226
307 165
300 291
309 248
113 232
20 219
330 217
344 172
100 156
0 55
0 15
450 0
20 0
17 379
128 375
96 366
147 345
286 326
203 225
106 211
193 153
484 135
282 114
551 69
0 61
306 0
96 0
948 516
915 475
234 370
130 349
185 215
16 213
160 207
81 200
0 194
207 188
80 155
0 153
30 150
18 136
513 130
107 121
248 113
550 110
176 98
574 81
272 52
308 45
166 42
126 32
592 30
675 0
200 0
52 503
34 436
80 279
234 212
225 186
212 128
508 66
535 0
952 513
19 357
44 286
97 229
322 197
333 178
348 111
491 49
0 33
493 0
0 0
832 432
0 353
288 217
293 150
330 110
877 418
908 399
74 336
286 256
282 209
0 207
314 157
331 26
356 0
0 0
898 459
930 433
86 388
157 303
275 269
268 218
84 187
11 124
510 0
52 530
0 477
931 459
0 450
200 285
274 274
133 170
6 510
248 267
254 189
308 112
519 0
22 518
63 500
24 482
45 291
268 284
0 176
432 116
515 0
0 413
41 401
11 336
269 275
436 118
25 533
16 393
149 335
97 324
918 313
48 310
267 286
248 277
38 516
139 321
65 298
274 292
449 120
553 0
26 490
881 475
273 292
290 204
460 114
575 22
607 0
321 0
897 434
926 402
313 236
308 154
350 66
497 60
368 40
369 0
0 444
101 405
876 403
78 383
285 144
494 52
340 41
354 0
940 496
51 142
160 122
336 92
461 60
341 0
914 428
32 201
5 152
202 87
603 0
228 0
0 0
80 403
157 334
886 306
16 273
175 207
155 127
163 103
0 83
0 53
97 52
156 0
0 0
10 432
30 423
944 369
862 330
892 314
0 164
505 85
459 80
34 60
0 10
602 0
93 0
91 471
101 387
931 332
832 284
942 220
67 145
97 118
74 54
107 424
19 395
0 386
88 369
123 366
838 318
115 222
37 207
48 152
136 86
99 84
57 40
104 11
552 0
125 0
38 514
0 458
99 420
0 420
16 417
124 392
76 350
163 344
20 334
115 269
885 268
138 216
134 188
86 125
524 53
83 51
198 8
544 0
180 0
155 0
0 405
150 387
0 386
120 380
120 330
954 286
135 209
176 169
111 122
543 34
42 11
567 0
212 0
926 270
129 234
93 138
521 74
69 53
120 24
0 0
53 374
936 313
425 184
537 111
133 438
203 412
318 303
493 184
449 158
531 142
950 233
382 218
402 175
499 133
442 123
592 62
0 535
310 301
340 247
882 226
469 160
326 302
327 282
949 258
554 176
509 175
326 290
0 186
0 130
12 68
42 34
59 0
83 253
370 220
0 200
25 146
407 111
113 56
377 36
119 0
40 445
0 199
369 151
397 134
8 86
462 78
365 15
436 0
175 0
96 214
402 100
98 83
155 26
232 0
134 0
0 366
86 298
343 103
398 84
36 0
347 106
339 0
169 85
440 79
396 10
478 0
0 268
0 210
113 126
122 104
417 42
402 8
468 0
366 0
158 99
411 24
478 0
159 0
110 0
28 497
936 315
914 254
438 31
952 260
235 146
348 101
334 88
110 141
84 182
339 85
144 354
303 234
187 221
282 146
180 224
275 214
212 65
181 166
12 413
128 266
293 212
322 183
290 172
0 322
0 301
0 461
262 251
121 201
123 84
128 44
130 18
85 0
0 458
0 249
50 197
106 0
18 319
119 286
17 210
0 191
234 37
183 218
129 158
304 99
137 269
106 186
837 35
848 137
628 0
283 170
525 188
762 417
517 205
518 177
0 425
0 470
6 375
0 322
